intag=1024
xN=30.0
fa=0.500
lx=48.989794855663562, ly=48.989794855663562,  lz=2.4494897427831781
Nx=480, Ny=480, Nz=1
ds0=0.01
batch=1
